d 5 5 5 3 9 5 1 1 3 
9 5 1 7 c 6 d 4 6 a 
a f a 9 3 f f f b a 
a f c 6 8 5 7 f 8 6 
a f f f a f f f a b 
a 9 3 f a f d 5 2 a 
c 6 a f a f f f c 2 
9 5 4 1 4 1 5 7 9 2 
a 9 3 a d 2 9 5 0 2 
c 6 e c 5 4 4 5 4 6 

Entry point: (1, 1)
Exit point: (10, 10)
Player's position: (1, 1)
Original Pathway----------------------
(1, 1) | (2, 1) | (3, 1) | (4, 1) | (5, 1) | (5, 2) | (6, 2) | (6, 1) | (7, 1) | (8, 1) | (8, 2) | (9, 2) | (9, 1) | (10, 1) | (10, 2) | (10, 3) | (10, 4) | (9, 4) | (9, 5) | (9, 6) | (9, 7) | (10, 7) | (10, 8) | (9, 8) | (9, 9) | (8, 9) | (7, 9) | (7, 10) | (8, 10) | (9, 10) | (10, 10) | 
Pathways found------------------------
=== 0 ===
(1, 1) | (2, 1) | (3, 1) | (4, 1) | (5, 1) | (5, 2) | (6, 2) | (6, 1) | (7, 1) | (8, 1) | (8, 2) | (9, 2) | (9, 1) | (10, 1) | (10, 2) | (10, 3) | (10, 4) | (9, 4) | (9, 5) | (9, 6) | (9, 7) | (10, 7) | (10, 8) | (10, 9) | (9, 9) | (9, 10) | (10, 10) | 
=== 1 ===
(1, 1) | (2, 1) | (3, 1) | (4, 1) | (5, 1) | (5, 2) | (6, 2) | (6, 1) | (7, 1) | (8, 1) | (8, 2) | (9, 2) | (9, 1) | (10, 1) | (10, 2) | (10, 3) | (10, 4) | (9, 4) | (9, 5) | (9, 6) | (9, 7) | (10, 7) | (10, 8) | (10, 9) | (10, 10) | 
=== 2 ===
(1, 1) | (2, 1) | (3, 1) | (4, 1) | (5, 1) | (5, 2) | (6, 2) | (6, 1) | (7, 1) | (8, 1) | (9, 1) | (10, 1) | (10, 2) | (10, 3) | (10, 4) | (9, 4) | (9, 5) | (9, 6) | (9, 7) | (10, 7) | (10, 8) | (10, 9) | (9, 9) | (9, 10) | (10, 10) | 
=== 3 ===
(1, 1) | (2, 1) | (3, 1) | (4, 1) | (5, 1) | (5, 2) | (6, 2) | (6, 1) | (7, 1) | (8, 1) | (9, 1) | (10, 1) | (10, 2) | (10, 3) | (10, 4) | (9, 4) | (9, 5) | (9, 6) | (9, 7) | (10, 7) | (10, 8) | (10, 9) | (10, 10) | 
Shortest path-------------------------
(1, 1) | (2, 1) | (3, 1) | (4, 1) | (5, 1) | (5, 2) | (6, 2) | (6, 1) | (7, 1) | (8, 1) | (9, 1) | (10, 1) | (10, 2) | (10, 3) | (10, 4) | (9, 4) | (9, 5) | (9, 6) | (9, 7) | (10, 7) | (10, 8) | (10, 9) | (10, 10) | 